3.984622784090714395e-03
3.984622784090714395e-03
3.984622784090714395e-03
3.984622784090714395e-03
3.984622784090714395e-03
3.984622784090714395e-03
3.984622784090714395e-03
3.984622784090714395e-03
3.984622784090714395e-03
3.984622784090714395e-03
3.984622784090714395e-03
3.984622784090714395e-03
3.984622784090714395e-03
3.984622784090714395e-03
3.984622784090714395e-03
3.984622784090714395e-03
3.984622784090714395e-03
3.984622784090714395e-03
3.984622784090714395e-03
3.984622784090714395e-03
